0	33.618	23.669	33.388	28.563	7.0519	12.311	18.568	10.205	8.5987	18.598	18.262	10.137	18.717	11.023	9.0464	17.537	17.63	11.562	17.859	9.538	11.387	17.459	16.843	9.8791	17.273	7.5367	9.8612	18.163	17.079	12.393	35.404	30.313	26.798	34.177	8.8285	11.87	17.548	12.893	5.488	19.028	17.77	12.045	19.064	11.727	14.043	18.707	17.795	14.281	17.745	11.669	13.55	18.436	17.327	13.043	17.556	8.2372	11.34	18.143	17.713
33.618	0	14.27	10.985	11.779	36.325	35.45	34.417	32.296	32.898	36.028	36.309	34.238	36.057	34.649	34.224	37.038	35.784	32.858	34.548	31.161	34.514	34.877	34.423	34.291	37.143	33.947	32.301	34.843	37.195	34.06	3.3258	7.9278	10.166	2.9611	36.717	34.985	35.139	33.691	31.209	34.73	36.003	34.225	35.766	34.052	35.146	36.92	36.467	32.241	34.833	31.704	34.682	35.617	34.865	36.217	36.96	32.833	32.027	35.655	38.282
23.669	14.27	0	14.533	14.943	28.388	29.113	30.774	24.606	24.611	32.368	32.47	27.061	32.448	27.747	26.636	32.868	31.731	25.959	30.628	22.721	27.676	30.666	29.987	26.895	32.838	25.568	24.416	31.041	32.804	27.693	17.317	8.6388	4.7855	14.576	29.343	28.442	31.029	27.413	20.827	31.322	31.967	27.799	32.341	27.335	29.459	33.247	32.432	26.386	30.847	24.392	28.759	31.864	30.64	30.192	32.79	24.378	24.709	31.83	34.025
33.388	10.985	14.533	0	20.837	37.109	38.153	38.814	35.106	35.084	39.885	39.994	36.777	39.93	37.258	36.452	40.282	39.56	36.008	38.775	33.686	37.174	38.783	38.429	36.685	40.306	35.682	34.985	39.046	40.288	37.179	12.366	7.2092	13.105	8.3883	37.89	37.723	39.118	37.022	31.908	39.112	39.714	37.271	39.808	36.982	38.34	40.442	40.008	36.171	38.954	34.88	37.838	39.552	38.876	38.814	40.258	34.908	35.154	39.576	40.974
28.563	11.779	14.943	20.837	0	30.352	28.027	26.095	24.67	25.728	28.192	28.625	26.75	28.242	27.154	26.953	29.6	27.906	24.87	26.238	23.753	26.961	26.742	26.124	26.976	29.806	27.153	24.708	26.646	29.89	26.184	12.948	15.389	11.706	14.405	30.464	27.49	27.075	25.696	25.486	26.469	28.225	26.412	27.848	26.304	27.349	29.414	28.842	23.775	26.618	23.758	26.813	27.638	26.701	28.949	29.525	25.783	24.067	27.724	31.425
7.0519	36.325	28.388	37.109	30.352	0	7.751	14.152	9.299	8.1687	13.397	12.895	6.872	13.49	7.4338	6.3605	11.885	12.451	9.518	13.43	10.539	8.2181	13.225	12.688	6.8961	11.534	6.3732	9.1636	13.52	11.263	9.0653	37.622	34.279	30.832	37.091	2.3433	7.7564	12.817	9.7158	10.141	14.402	12.536	8.39	13.948	8.5996	9.6587	13.145	12.314	12.054	13.169	11.03	9.7625	13.6	12.827	7.7994	11.898	8.0809	10.246	13.083	11.621
12.311	35.45	29.113	38.153	28.027	7.751	0	7.2355	5.9384	6.3057	7.0944	6.6987	3.2061	7.2514	2.6243	4.174	6.5234	6.0872	4.9838	6.6687	8.6633	3.6259	7.0481	6.1075	3.2492	6.0452	5.8448	6.1831	6.7001	5.9652	3.4661	36.488	34.61	30.681	36.695	6.4355	0.92017	5.9043	3.1839	12.117	7.6715	6.1244	2.4957	7.6526	3.2252	2.726	7.4815	6.2851	6.1948	6.3832	7.1408	3.7977	7.2035	5.8301	1.769	6.2381	6.6178	6.3717	6.5557	7.4553
18.568	34.417	30.774	38.814	26.095	14.152	7.2355	0	10.469	11.799	2.9933	3.5459	9.0392	3.0334	8.3842	10.225	5.2325	2.8093	8.5653	1.5842	12.832	8.5341	4.4189	3.3217	9.5615	5.3291	12.228	10.816	1.1337	5.5967	7.1294	34.96	35.174	31.289	36.011	12.681	7.5029	1.6947	6.5714	17.664	1.1565	3.0859	7.0893	2.6683	7.8219	5.4683	4.6628	3.9393	6.8956	1.6401	10.272	6.4737	3.2212	2.0005	7.1654	4.8741	12.23	9.7979	2.3738	7.5648
10.205	32.296	24.606	35.106	24.67	9.299	5.9384	10.469	0	2.6343	11.686	11.568	3.8701	11.801	4.531	3.9243	11.778	10.632	3.1796	9.969	3.6373	4.9332	10.224	9.0901	3.612	11.506	4.0268	1.5716	10.358	11.482	4.8962	33.754	30.856	26.438	33.616	9.1434	5.0591	9.9004	4.2299	7.89	11.239	10.86	4.5114	11.95	4.11	6.8664	12.543	11.314	5.2049	9.9823	3.3655	6.4881	11.307	9.5133	7.5447	11.562	2.8768	2.6808	10.949	13.119
8.5987	32.898	24.611	35.084	25.728	8.1687	6.3057	11.799	2.6343	0	12.59	12.446	3.9115	12.729	4.4582	3.1831	12.262	11.598	4.0239	11.196	3.252	4.6347	10.929	10.04	3.3792	12.091	2.2705	1.7749	11.614	12.01	5.478	34.443	31.025	26.68	34.09	8.2278	5.488	11.05	5.3895	6.3704	12.478	11.79	5.4185	12.99	4.478	7.3796	13.231	12.115	6.5801	11.159	3.9698	6.7891	12.126	10.587	7.7552	12.208	1.0682	3.4819	12.003	13.38
18.598	36.028	32.368	39.885	28.192	13.397	7.0944	2.9933	11.686	12.59	0	1.2843	9.4431	0.78269	8.6432	10.528	2.6111	1.4993	9.7033	2.976	14.081	8.8094	4.4825	4.1646	9.951	2.8951	12.591	11.931	2.3615	3.2021	7.827	36.489	36.652	33.017	37.469	11.726	7.6693	2.2311	7.6633	18.413	2.3709	1.4817	7.7066	1.1845	8.4735	5.5193	1.7695	1.6023	8.6904	2.5427	11.679	6.7217	2.1636	2.7804	6.4102	2.3511	13.013	11.151	1.1969	4.8671
18.262	36.309	32.47	39.994	28.625	12.895	6.6987	3.5459	11.568	12.446	1.2843	0	9.2261	1.4922	8.4879	10.358	2.6225	1.5296	9.8229	3.7627	14.151	8.866	5.465	4.9518	9.6343	2.1067	12.276	11.853	2.865	2.3625	7.8932	36.781	36.815	33.234	37.703	11.226	7.3358	2.4212	7.5803	18.214	3.0818	0.81937	7.5757	1.9231	8.4502	5.5342	1.8509	0.95479	9.0443	3.2691	11.879	6.993	3.2803	3.3691	5.8395	1.6633	12.803	11.245	1.4681	4.2079
10.137	34.238	27.061	36.777	26.75	6.872	3.2061	9.0392	3.8701	3.9115	9.4431	9.2261	0	9.5435	1.6291	1.5909	8.9531	8.327	3.1112	8.3607	6.1373	2.8429	8.4259	7.4112	1.595	8.7546	3.6788	3.7958	8.6789	8.644	2.9902	35.504	33.01	28.86	35.475	6.2754	2.5091	8.0474	3.2328	9.5695	9.6227	8.5745	2.2718	9.8372	2.2355	4.4287	9.9745	8.8028	5.5726	8.2447	5.2153	4.3879	9.258	7.7684	4.5064	8.8761	4.226	4.1963	8.8635	10.105
18.717	36.057	32.448	39.93	28.242	13.49	7.2514	3.0334	11.801	12.729	0.78269	1.4922	9.5435	0	8.7407	10.642	2.6558	1.3983	9.7921	3.0257	14.178	8.938	4.5757	4.261	10.102	3.0085	12.729	12.059	2.4199	3.3218	7.8891	36.511	36.705	33.091	37.505	11.82	7.8224	2.3558	7.805	18.538	2.5537	1.6438	7.805	0.76285	8.5601	5.6311	1.7654	1.6092	8.7506	2.5989	11.77	6.8661	2.3389	2.9339	6.5678	2.4433	13.145	11.224	1.3765	4.9003
11.023	34.649	27.747	37.258	27.154	7.4338	2.6243	8.3842	4.531	4.4582	8.6432	8.4879	1.6291	8.7407	0	2.2866	8.0582	7.6075	3.1787	7.6387	6.6016	1.7644	7.4251	6.5353	2.2396	7.9989	4.4075	4.3676	8.0201	7.905	2.3802	35.858	33.538	29.42	35.907	6.5792	2.0788	7.3553	2.898	10.379	8.9584	7.8586	2.0447	9.0822	1.3451	3.3434	9.1174	8.0501	5.237	7.4836	5.2324	3.2447	8.3091	6.9626	4.0002	8.0984	4.9532	4.4167	8.1595	9.3192
9.0464	34.224	26.636	36.452	26.953	6.3605	4.174	10.225	3.9243	3.1831	10.528	10.358	1.5909	10.642	2.2866	0	9.8429	9.4895	3.4591	9.4528	5.4706	2.8682	9.1461	8.3163	2.0149	9.7636	2.8457	3.5864	9.8665	9.6513	3.6369	35.578	32.719	28.57	35.402	5.9525	3.5311	9.2324	4.3348	8.5529	10.78	9.7359	3.4316	10.965	2.9011	5.3469	10.958	9.9003	6.1919	9.3466	5.0176	4.9208	10.179	8.8335	5.4279	9.9055	3.5456	4.2917	10.018	10.934
17.537	37.038	32.868	40.282	29.6	11.885	6.5234	5.2325	11.778	12.262	2.6111	2.6225	8.9531	2.6558	8.0582	9.8429	0	2.7788	9.7421	4.7081	14.023	8.2161	4.943	5.0386	9.5005	1.9296	11.953	11.911	4.4893	2.0655	7.652	37.569	37.287	33.763	38.344	10.127	7.2548	4.0278	7.9672	17.913	4.8227	2.848	7.5691	3.339	8.2127	5.2278	1.6239	1.9937	9.3761	4.2556	11.847	6.3777	3.304	4.2432	5.5187	1.672	12.694	11.301	3.2502	3.0539
17.63	35.784	31.731	39.56	27.906	12.451	6.0872	2.8093	10.632	11.598	1.4993	1.5296	8.327	1.3983	7.6075	9.4895	2.7788	0	8.7086	2.6778	13.126	7.9525	4.5419	3.8	8.9044	2.8172	11.572	10.922	2.0809	3.0301	6.8279	36.341	36.23	32.519	37.223	10.842	6.6301	1.6205	6.6431	17.428	2.6557	1.0484	6.599	1.7237	7.453	4.6095	2.5424	1.3622	7.872	2.2053	10.792	6.0049	2.7838	2.3868	5.4876	2.3654	11.994	10.16	1.1709	5.0218
11.562	32.858	25.959	36.008	24.87	9.518	4.9838	8.5653	3.1796	4.0239	9.7033	9.8229	3.1112	9.7921	3.1787	3.4591	9.7421	8.7086	0	7.7914	4.6336	2.9326	7.5675	6.553	3.8068	9.8733	5.2929	3.068	8.4585	9.8808	2.5703	34.168	31.877	27.457	34.266	8.9381	4.2204	8.0623	2.8877	9.845	9.3007	9.1146	3.0429	9.9525	2.1838	4.7794	10.581	9.5165	2.9884	7.8614	2.5989	3.9436	8.9967	7.4019	6.5011	9.8312	4.6696	2.0874	9.0978	11.559
17.859	34.548	30.628	38.775	26.238	13.43	6.6687	1.5842	9.969	11.196	2.976	3.7627	8.3607	3.0257	7.6387	9.4528	4.7081	2.6778	7.7914	0	12.161	7.6027	3.1142	2.0379	9.0259	5.166	11.656	10.284	1.485	5.4384	6.3248	35.159	35.147	31.223	36.113	11.951	6.94	1.8933	6.1036	17.091	1.9434	3.2761	6.4037	2.857	7.0749	4.6674	4.4923	3.8689	6.2418	0.64662	9.5736	5.4155	2.4242	1.2563	6.6925	4.7198	11.698	9.2064	2.5063	7.3532
9.538	31.161	22.721	33.686	23.753	10.539	8.6633	12.832	3.6373	3.252	14.081	14.151	6.1373	14.178	6.6016	5.4706	14.023	13.126	4.6336	12.161	0	6.3087	11.724	10.89	6.1156	14.091	5.237	3.0851	12.812	14.072	6.7867	32.848	29.273	24.672	32.454	10.747	7.8212	12.425	6.9217	6.2008	13.597	13.461	7.1107	14.333	6.1103	9.0756	14.899	13.862	6.492	12.256	2.9369	8.0919	13.318	11.772	10.221	14.109	3.6331	3.5293	13.48	15.556
11.387	34.514	27.676	37.174	26.961	8.2181	3.6259	8.5341	4.9332	4.6347	8.8094	8.866	2.8429	8.938	1.7644	2.8682	8.2161	7.9525	2.9326	7.6027	6.3087	0	6.7664	6.1691	3.383	8.4358	5.04	4.5803	8.1993	8.4046	2.3827	35.735	33.421	29.251	35.795	7.3228	3.184	7.6292	3.4295	10.536	9.0715	8.2656	2.9554	9.2826	1.7228	3.4787	9.3012	8.4364	4.7933	7.5099	4.6639	2.4455	8.0631	6.946	4.8956	8.4851	5.3221	4.3023	8.4263	9.7382
17.459	34.877	30.666	38.783	26.742	13.225	7.0481	4.4189	10.224	10.929	4.4825	5.465	8.4259	4.5757	7.4251	9.1461	4.943	4.5419	7.5675	3.1142	11.724	6.7664	0	1.7702	9.1636	6.1367	11.496	10.241	4.2321	6.3734	6.1261	35.568	35.237	31.287	36.392	11.723	7.295	4.3381	6.662	16.737	4.4943	5.1489	6.7997	4.7209	6.8701	4.593	5.3093	5.286	6.2428	3.232	9.102	4.4144	2.5336	3.0926	7.1622	5.7488	11.573	9.0312	4.6198	7.7741
16.843	34.423	29.987	38.429	26.124	12.688	6.1075	3.3217	9.0901	10.04	4.1646	4.9518	7.4112	4.261	6.5353	8.3163	5.0386	3.8	6.553	2.0379	10.89	6.1691	1.7702	0	8.1515	5.8529	10.635	9.2003	3.2432	6.0525	5.1245	35.167	34.735	30.688	35.967	11.267	6.27	3.2566	5.3386	15.959	3.6953	4.4324	5.614	4.3189	5.8807	3.6734	5.3434	4.8351	5.1256	2.2207	8.2441	3.8417	2.815	1.9903	6.3816	5.4756	10.634	8.0033	3.9461	7.8322
9.8791	34.291	26.895	36.685	26.976	6.8961	3.2492	9.5615	3.612	3.3792	9.951	9.6343	1.595	10.102	2.2396	2.0149	9.5005	8.9044	3.8068	9.0259	6.1156	3.383	9.1636	8.1515	0	9.113	2.8477	3.5184	9.2057	8.9961	3.7584	35.586	32.907	28.78	35.493	6.318	2.5008	8.5231	3.4924	9.0901	10.139	9.0029	3.0191	10.414	2.8642	4.9577	10.471	9.2725	6.1235	8.8658	5.4407	5.0743	9.8516	8.3031	4.5831	9.2823	3.5282	4.4824	9.3505	10.411
17.273	37.143	32.838	40.306	29.806	11.534	6.0452	5.3291	11.506	12.091	2.8951	2.1067	8.7546	3.0085	7.9989	9.7636	1.9296	2.8172	9.8733	5.166	14.091	8.4358	6.1367	5.8529	9.113	0	11.607	11.744	4.4902	0.55281	7.8016	37.676	37.312	33.836	38.415	9.7808	6.8376	3.88	7.7412	17.699	4.9837	2.3754	7.391	3.6139	8.2601	5.3857	2.133	1.6521	9.6464	4.6325	12.045	6.8665	4.3108	4.5857	4.8136	0.60949	12.417	11.357	3.1099	2.4187
7.5367	33.947	25.568	35.682	27.153	6.3732	5.8448	12.228	4.0268	2.2705	12.591	12.276	3.6788	12.729	4.4075	2.8457	11.953	11.572	5.2929	11.656	5.237	5.04	11.496	10.635	2.8477	11.607	0	3.524	11.898	11.465	5.9831	35.443	31.929	27.823	35.012	6.5563	5.1892	11.23	5.9961	6.5309	12.815	11.675	5.5895	13.058	5.0046	7.5066	13.003	11.881	7.9723	11.523	5.9291	7.2561	12.393	10.955	6.9846	11.816	1.9501	5.1891	12.036	12.619
9.8612	32.301	24.416	34.985	24.708	9.1636	6.1831	10.816	1.5716	1.7749	11.931	11.853	3.7958	12.059	4.3676	3.5864	11.911	10.922	3.068	10.284	3.0851	4.5803	10.241	9.2003	3.5184	11.744	3.524	0	10.714	11.692	4.8423	33.798	30.75	26.279	33.606	9.0507	5.3011	10.243	4.4831	7.3531	11.554	11.155	4.799	12.233	3.9732	6.9015	12.743	11.583	5.3433	10.295	2.992	6.3281	11.453	9.7763	7.706	11.793	2.1496	2.0763	11.274	13.268
18.163	34.843	31.041	39.046	26.646	13.52	6.7001	1.1337	10.358	11.614	2.3615	2.865	8.6789	2.4199	8.0201	9.8665	4.4893	2.0809	8.4585	1.485	12.812	8.1993	4.2321	3.2432	9.2057	4.4902	11.898	10.714	0	4.7769	6.871	35.396	35.49	31.656	36.384	11.988	7.0536	1.102	6.4114	17.494	1.332	2.3917	6.7383	2.1677	7.5748	5.0482	3.9783	3.1758	7.0338	1.2321	10.311	6.1571	2.808	1.6668	6.4824	4.0478	12.025	9.7962	1.5213	6.7711
17.079	37.195	32.804	40.288	29.89	11.263	5.9652	5.5967	11.482	12.01	3.2021	2.3625	8.644	3.3218	7.905	9.6513	2.0655	3.0301	9.8808	5.4384	14.072	8.4046	6.3734	6.0525	8.9961	0.55281	11.465	11.692	4.7769	0	7.8166	37.74	37.315	33.841	38.451	9.5304	6.7679	4.1376	7.753	17.569	5.2621	2.5976	7.3631	3.9236	8.2249	5.4052	2.4401	1.8962	9.7646	4.9107	12.08	6.908	4.6224	4.8448	4.67	0.9754	12.323	11.348	3.4139	2.2729
12.393	34.06	27.693	37.179	26.184	9.0653	3.4661	7.1294	4.8962	5.478	7.827	7.8932	2.9902	7.8891	2.3802	3.6369	7.652	6.8279	2.5703	6.3248	6.7867	2.3827	6.1261	5.1245	3.7584	7.8016	5.9831	4.8423	6.871	7.8166	0	35.202	33.315	29.101	35.443	7.9851	2.9908	6.3539	2.3549	11.439	7.7723	7.2111	1.9105	8.1115	1.5465	2.7685	8.5284	7.5175	3.5902	6.2597	4.702	2.4162	7.2373	5.7544	4.7109	7.7616	5.9873	4.1174	7.2876	9.4585
35.404	3.3258	17.317	12.366	12.948	37.622	36.488	34.96	33.754	34.443	36.489	36.781	35.504	36.511	35.858	35.578	37.569	36.341	34.168	35.159	32.848	35.735	35.568	35.167	35.586	37.676	35.443	33.798	35.396	37.74	35.202	0	10.833	13.306	4.3853	37.89	36.086	35.739	34.811	33.179	35.199	36.535	35.351	36.193	35.26	36.093	37.341	36.98	33.394	35.439	33.168	35.717	36.145	35.52	37.146	37.475	34.4	33.455	36.166	38.752
30.313	7.9278	8.6388	7.2092	15.389	34.279	34.61	35.174	30.856	31.025	36.652	36.815	33.01	36.705	33.538	32.719	37.287	36.23	31.877	35.147	29.273	33.421	35.237	34.735	32.907	37.312	31.929	30.75	35.49	37.315	33.315	10.833	0	6.2346	7.0252	35.027	34.064	35.597	33.035	27.947	35.592	36.433	33.453	36.538	33.097	34.714	37.449	36.855	31.883	35.378	30.487	34.125	36.199	35.271	35.495	37.224	30.858	30.836	36.227	38.334
26.798	10.166	4.7855	13.105	11.706	30.832	30.681	31.289	26.438	26.68	33.017	33.234	28.86	33.091	29.42	28.57	33.763	32.519	27.457	31.223	24.672	29.251	31.287	30.688	28.78	33.836	27.823	26.279	31.656	33.841	29.101	13.306	6.2346	0	10.975	31.547	30.045	31.769	28.779	23.783	31.786	32.772	29.304	32.91	28.866	30.691	33.98	33.274	27.411	31.494	25.895	29.991	32.443	31.348	31.726	33.719	26.545	26.287	32.527	35.104
34.177	2.9611	14.576	8.3883	14.405	37.091	36.695	36.011	33.616	34.09	37.469	37.703	35.475	37.505	35.907	35.402	38.344	37.223	34.266	36.113	32.454	35.795	36.392	35.967	35.493	38.415	35.012	33.606	36.384	38.451	35.443	4.3853	7.0252	10.975	0	37.575	36.249	36.635	35.11	32.046	36.302	37.417	35.566	37.249	35.395	36.519	38.27	37.838	33.827	36.369	33.146	36.062	37.102	36.389	37.416	38.265	33.994	33.447	37.117	39.425
8.8285	36.717	29.343	37.89	30.464	2.3433	6.4355	12.681	9.1434	8.2278	11.726	11.226	6.2754	11.82	6.5792	5.9525	10.127	10.842	8.9381	11.951	10.747	7.3228	11.723	11.267	6.318	9.7808	6.5563	9.0507	11.988	9.5304	7.9851	37.89	35.027	31.547	37.575	0	6.6094	11.278	8.7737	11.324	12.869	10.909	7.4203	12.304	7.7386	8.2434	11.394	10.612	11.194	11.647	10.696	8.5199	11.947	11.292	6.2464	10.146	8.2366	9.9128	11.458	9.852
11.87	34.985	28.442	37.723	27.49	7.7564	0.92017	7.5029	5.0591	5.488	7.6693	7.3358	2.5091	7.8224	2.0788	3.5311	7.2548	6.6301	4.2204	6.94	7.8212	3.184	7.295	6.27	2.5008	6.8376	5.1892	5.3011	7.0536	6.7679	2.9908	36.086	34.064	30.045	36.249	6.6094	0	6.3067	2.5508	11.4	8.0201	6.7143	1.9616	8.1745	2.5776	2.9397	8.1813	6.9579	5.6365	6.7156	6.3436	3.7167	7.6637	6.1464	2.5936	6.9936	5.8106	5.5391	7.0776	8.3164
17.548	35.139	31.029	39.118	27.075	12.817	5.9043	1.6947	9.9004	11.05	2.2311	2.4212	8.0474	2.3558	7.3553	9.2324	4.0278	1.6205	8.0623	1.8933	12.425	7.6292	4.3381	3.2566	8.5231	3.88	11.23	10.243	1.102	4.1376	6.3539	35.739	35.597	31.769	36.635	11.278	6.3067	0	5.8709	16.964	1.9646	1.7666	6.1526	2.3582	7.0015	4.3644	3.7162	2.6634	6.8977	1.4878	9.9955	5.6694	2.9235	1.473	5.6337	3.5024	11.451	9.4441	1.3642	6.2085
12.893	33.691	27.413	37.022	25.696	9.7158	3.1839	6.5714	4.2299	5.3895	7.6633	7.5803	3.2328	7.805	2.898	4.3348	7.9672	6.6431	2.8877	6.1036	6.9217	3.4295	6.662	5.3386	3.4924	7.7412	5.9961	4.4831	6.4114	7.753	2.3549	34.811	33.035	28.779	35.11	8.7737	2.5508	5.8709	0	11.51	7.2955	6.8524	1.8685	7.9751	2.116	3.1086	8.6191	7.3826	3.4637	6.0497	4.8621	3.4205	7.3731	5.4994	4.5996	7.7211	5.8164	4.0602	6.9517	9.6183
5.488	31.209	20.827	31.908	25.486	10.141	12.117	17.664	7.89	6.3704	18.413	18.214	9.5695	18.538	10.379	8.5529	17.913	17.428	9.845	17.091	6.2008	10.536	16.737	15.959	9.0901	17.699	6.5309	7.3531	17.494	17.569	11.439	33.179	27.947	23.783	32.046	11.324	11.4	16.964	11.51	0	18.312	17.6	11.324	18.783	10.585	13.441	18.922	17.863	12.211	17.078	8.9194	12.754	18.004	16.571	13.309	17.872	5.9415	8.8286	17.843	18.65
19.028	34.73	31.322	39.112	26.469	14.402	7.6715	1.1565	11.239	12.478	2.3709	3.0818	9.6227	2.5537	8.9584	10.78	4.8227	2.6557	9.3007	1.9434	13.597	9.0715	4.4943	3.6953	10.139	4.9837	12.815	11.554	1.332	5.2621	7.7723	35.199	35.592	31.786	36.302	12.869	8.0201	1.9646	7.2955	18.312	0	2.8234	7.7067	2.1305	8.4812	5.9345	4.0652	3.5748	7.7305	1.894	11.057	6.9321	2.823	2.3175	7.4149	4.4961	12.906	10.598	2.0115	7.1348
17.77	36.003	31.967	39.714	28.225	12.536	6.1244	3.0859	10.86	11.79	1.4817	0.81937	8.5745	1.6438	7.8586	9.7359	2.848	1.0484	9.1146	3.2761	13.461	8.2656	5.1489	4.4324	9.0029	2.3754	11.675	11.155	2.3917	2.5976	7.2111	36.535	36.433	32.772	37.417	10.909	6.7143	1.7666	6.8524	17.6	2.8234	0	6.8804	2.0009	7.7727	4.9125	2.4034	1.136	8.3308	2.7794	11.178	6.4089	3.195	2.8087	5.3863	1.9848	12.149	10.527	1.1529	4.645
12.045	34.225	27.799	37.271	26.412	8.39	2.4957	7.0893	4.5114	5.4185	7.7066	7.5757	2.2718	7.805	2.0447	3.4316	7.5691	6.599	3.0429	6.4037	7.1107	2.9554	6.7997	5.614	3.0191	7.391	5.5895	4.799	6.7383	7.3631	1.9105	35.351	33.453	29.304	35.566	7.4203	1.9616	6.1526	1.8685	11.324	7.7067	6.8804	0	8.0322	1.8129	2.9384	8.4101	7.2212	4.3567	6.2795	5.3753	3.2319	7.4971	5.8545	3.9096	7.4267	5.8194	4.5708	7.049	9.086
19.064	35.766	32.341	39.808	27.848	13.948	7.6526	2.6683	11.95	12.99	1.1845	1.9231	9.8372	0.76285	9.0822	10.965	3.339	1.7237	9.9525	2.857	14.333	9.2826	4.7209	4.3189	10.414	3.6139	13.058	12.233	2.1677	3.9236	8.1115	36.193	36.538	32.91	37.249	12.304	8.1745	2.3582	7.9751	18.783	2.1305	2.0009	8.0322	0	8.8244	5.987	2.3345	2.1887	8.7512	2.4944	11.885	7.1761	2.5351	2.9913	7.0455	3.0503	13.397	11.336	1.4696	5.5113
11.727	34.052	27.335	36.982	26.304	8.5996	3.2252	7.8219	4.11	4.478	8.4735	8.4502	2.2355	8.5601	1.3451	2.9011	8.2127	7.453	2.1838	7.0749	6.1103	1.7228	6.8701	5.8807	2.8642	8.2601	5.0046	3.9732	7.5748	8.2249	1.5465	35.26	33.097	28.866	35.395	7.7386	2.5776	7.0015	2.116	10.585	8.4812	7.7727	1.8129	8.8244	0	3.14	9.1465	8.0754	3.9631	6.9931	4.2693	2.7655	7.956	6.4613	4.7008	8.2744	5.0491	3.549	7.9408	9.8074
14.043	35.146	29.459	38.34	27.349	9.6587	2.726	5.4683	6.8664	7.3796	5.5193	5.5342	4.4287	5.6311	3.3434	5.3469	5.2278	4.6095	4.7794	4.6674	9.0756	3.4787	4.593	3.6734	4.9577	5.3857	7.5066	6.9015	5.0482	5.4052	2.7685	36.093	34.714	30.691	36.519	8.2434	2.9397	4.3644	3.1086	13.441	5.9345	4.9125	2.9384	5.987	3.14	0	6.1219	5.1268	4.9582	4.4332	6.8723	1.9524	5.095	3.8292	3.276	5.3364	7.8788	6.2934	5.132	7.0919
18.707	36.92	33.247	40.442	29.414	13.145	7.4815	4.6628	12.543	13.231	1.7695	1.8509	9.9745	1.7654	9.1174	10.958	1.6239	2.5424	10.581	4.4923	14.899	9.3012	5.3093	5.3434	10.471	2.133	13.003	12.743	3.9783	2.4401	8.5284	37.341	37.449	33.98	38.27	11.394	8.1813	3.7162	8.6191	18.922	4.0652	2.4034	8.4101	2.3345	9.1465	6.1219	0	1.6705	9.873	4.0222	12.617	7.3406	3.0827	4.1994	6.5062	1.6488	13.635	12.068	2.6508	3.4354
17.795	36.467	32.432	40.008	28.842	12.314	6.2851	3.9393	11.314	12.115	1.6023	0.95479	8.8028	1.6092	8.0501	9.9003	1.9937	1.3622	9.5165	3.8689	13.862	8.4364	5.286	4.8351	9.2725	1.6521	11.881	11.583	3.1758	1.8962	7.5175	36.98	36.855	33.274	37.838	10.612	6.9579	2.6634	7.3826	17.863	3.5748	1.136	7.2212	2.1887	8.0754	5.1268	1.6705	0	8.9127	3.3601	11.631	6.603	3.2777	3.4192	5.3679	1.1843	12.477	10.982	1.8075	3.7804
14.281	32.241	26.386	36.171	23.775	12.054	6.1948	6.8956	5.2049	6.5801	8.6904	9.0443	5.5726	8.7506	5.237	6.1919	9.3761	7.872	2.9884	6.2418	6.492	4.7933	6.2428	5.1256	6.1235	9.6464	7.9723	5.3433	7.0338	9.7646	3.5902	33.394	31.883	27.411	33.827	11.194	5.6365	6.8977	3.4637	12.211	7.7305	8.3308	4.3567	8.7512	3.9631	4.9582	9.873	8.9127	0	6.4507	3.7176	4.2869	7.75	6.0517	7.5069	9.4546	7.1571	3.8296	8.0456	11.638
17.745	34.833	30.847	38.954	26.618	13.169	6.3832	1.6401	9.9823	11.159	2.5427	3.2691	8.2447	2.5989	7.4836	9.3466	4.2556	2.2053	7.8614	0.64662	12.256	7.5099	3.232	2.2207	8.8658	4.6325	11.523	10.295	1.2321	4.9107	6.2597	35.439	35.378	31.494	36.369	11.647	6.7156	1.4878	6.0497	17.078	1.894	2.7794	6.2795	2.4944	6.9931	4.4332	4.0222	3.3601	6.4507	0	9.7019	5.3369	2.2067	1.0177	6.3124	4.186	11.641	9.2907	2.058	6.8418
11.669	31.704	24.392	34.88	23.758	11.03	7.1408	10.272	3.3655	3.9698	11.679	11.879	5.2153	11.77	5.2324	5.0176	11.847	10.792	2.5989	9.5736	2.9369	4.6639	9.102	8.2441	5.4407	12.045	5.9291	2.992	10.311	12.08	4.702	33.168	30.487	25.895	33.146	10.696	6.3436	9.9955	4.8621	8.9194	11.057	11.178	5.3753	11.885	4.2693	6.8723	12.617	11.631	3.7176	9.7019	0	5.8161	10.766	9.2103	8.7154	11.981	4.6152	1.9304	11.094	13.709
13.55	34.682	28.759	37.838	26.813	9.7625	3.7977	6.4737	6.4881	6.7891	6.7217	6.993	4.3879	6.8661	3.2447	4.9208	6.3777	6.0049	3.9436	5.4155	8.0919	2.4455	4.4144	3.8417	5.0743	6.8665	7.2561	6.3281	6.1571	6.908	2.4162	35.717	34.125	29.991	36.062	8.5199	3.7167	5.6694	3.4205	12.754	6.9321	6.4089	3.2319	7.1761	2.7655	1.9524	7.3406	6.603	4.2869	5.3369	5.8161	0	5.7545	4.7891	4.6622	6.7855	7.444	5.5197	6.4314	8.4166
18.436	35.617	31.864	39.552	27.638	13.6	7.2035	3.2212	11.307	12.126	2.1636	3.2803	9.258	2.3389	8.3091	10.179	3.304	2.7838	8.9967	2.4242	13.318	8.0631	2.5336	2.815	9.8516	4.3108	12.393	11.453	2.808	4.6224	7.2373	36.145	36.199	32.443	37.102	11.947	7.6637	2.9235	7.3731	18.004	2.823	3.195	7.4971	2.5351	7.956	5.095	3.0827	3.2777	7.75	2.2067	10.766	5.7545	0	2.2999	6.8522	3.8295	12.661	10.47	2.6359	6.0621
17.327	34.865	30.64	38.876	26.701	12.827	5.8301	2.0005	9.5133	10.587	2.7804	3.3691	7.7684	2.9339	6.9626	8.8335	4.2432	2.3868	7.4019	1.2563	11.772	6.946	3.0926	1.9903	8.3031	4.5857	10.955	9.7763	1.6668	4.8448	5.7544	35.52	35.271	31.348	36.389	11.292	6.1464	1.473	5.4994	16.571	2.3175	2.8087	5.8545	2.9913	6.4613	3.8292	4.1994	3.4192	6.0517	1.0177	9.2103	4.7891	2.2999	0	5.8065	4.2	11.068	8.8366	2.2984	6.8016
13.043	36.217	30.192	38.814	28.949	7.7994	1.769	7.1654	7.5447	7.7552	6.4102	5.8395	4.5064	6.5678	4.0002	5.4279	5.5187	5.4876	6.5011	6.6925	10.221	4.8956	7.1622	6.3816	4.5831	4.8136	6.9846	7.706	6.4824	4.67	4.7109	37.146	35.495	31.726	37.416	6.2464	2.5936	5.6337	4.5996	13.309	7.4149	5.3863	3.9096	7.0455	4.7008	3.276	6.5062	5.3679	7.5069	6.3124	8.7154	4.6622	6.8522	5.8065	0	5.108	7.9785	7.8773	5.9834	5.9888
17.556	36.96	32.79	40.258	29.525	11.898	6.2381	4.8741	11.562	12.208	2.3511	1.6633	8.8761	2.4433	8.0984	9.9055	1.672	2.3654	9.8312	4.7198	14.109	8.4851	5.7488	5.4756	9.2823	0.60949	11.816	11.793	4.0478	0.9754	7.7616	37.475	37.224	33.719	38.265	10.146	6.9936	3.5024	7.7211	17.872	4.4961	1.9848	7.4267	3.0503	8.2744	5.3364	1.6488	1.1843	9.4546	4.186	11.981	6.7855	3.8295	4.2	5.108	0	12.554	11.309	2.6516	2.7774
8.2372	32.833	24.378	34.908	25.783	8.0809	6.6178	12.23	2.8768	1.0682	13.013	12.803	4.226	13.145	4.9532	3.5456	12.694	11.994	4.6696	11.698	3.6331	5.3221	11.573	10.634	3.5282	12.417	1.9501	2.1496	12.025	12.323	5.9873	34.4	30.858	26.545	33.994	8.2366	5.8106	11.451	5.8164	5.9415	12.906	12.149	5.8194	13.397	5.0491	7.8788	13.635	12.477	7.1571	11.641	4.6152	7.444	12.661	11.068	7.9785	12.554	0	4.025	12.392	13.677
11.34	32.027	24.709	35.154	24.067	10.246	6.3717	9.7979	2.6808	3.4819	11.151	11.245	4.1963	11.224	4.4167	4.2917	11.301	10.16	2.0874	9.2064	3.5293	4.3023	9.0312	8.0033	4.4824	11.357	5.1891	2.0763	9.7962	11.348	4.1174	33.455	30.836	26.287	33.447	9.9128	5.5391	9.4441	4.0602	8.8286	10.598	10.527	4.5708	11.336	3.549	6.2934	12.068	10.982	3.8296	9.2907	1.9304	5.5197	10.47	8.8366	7.8773	11.309	4.025	0	10.523	13.015
18.143	35.655	31.83	39.576	27.724	13.083	6.5557	2.3738	10.949	12.003	1.1969	1.4681	8.8635	1.3765	8.1595	10.018	3.2502	1.1709	9.0978	2.5063	13.48	8.4263	4.6198	3.9461	9.3505	3.1099	12.036	11.274	1.5213	3.4139	7.2876	36.166	36.227	32.527	37.117	11.458	7.0776	1.3642	6.9517	17.843	2.0115	1.1529	7.049	1.4696	7.9408	5.132	2.6508	1.8075	8.0456	2.058	11.094	6.4314	2.6359	2.2984	5.9834	2.6516	12.392	10.523	0	5.3564
17.713	38.282	34.025	40.974	31.425	11.621	7.4553	7.5648	13.119	13.38	4.8671	4.2079	10.105	4.9003	9.3192	10.934	3.0539	5.0218	11.559	7.3532	15.556	9.7382	7.7741	7.8322	10.411	2.4187	12.619	13.268	6.7711	2.2729	9.4585	38.752	38.334	35.104	39.425	9.852	8.3164	6.2085	9.6183	18.65	7.1348	4.645	9.086	5.5113	9.8074	7.0919	3.4354	3.7804	11.638	6.8418	13.709	8.4166	6.0621	6.8016	5.9888	2.7774	13.677	13.015	5.3564	0
